[
    {
        "grid_launch_id": 0,
        "cta_id_x": 0,
        "cta_id_y": 0,
        "cta_id_z": 0,
        "warp_id": 1,
        "opcode_id": 0,
        "addrs": [
            140603292647680,
            140603292647688,
            140603292647696,
            140603292647704,
            140603292647712,
            140603292647720,
            140603292647728,
            140603292647736,
            140603292647744,
            140603292647752,
            140603292647760,
            140603292647768,
            140603292647776,
            140603292647784,
            140603292647792,
            140603292647800,
            140603292647808,
            140603292647816,
            140603292647824,
            140603292647832,
            140603292647840,
            140603292647848,
            140603292647856,
            140603292647864,
            140603292647872,
            140603292647880,
            140603292647888,
            140603292647896,
            140603292647904,
            140603292647912,
            140603292647920,
            140603292647928
        ]
    },
    {
        "grid_launch_id": 0,
        "cta_id_x": 0,
        "cta_id_y": 0,
        "cta_id_z": 0,
        "warp_id": 0,
        "opcode_id": 0,
        "addrs": [
            140603292647424,
            140603292647432,
            140603292647440,
            140603292647448,
            140603292647456,
            140603292647464,
            140603292647472,
            140603292647480,
            140603292647488,
            140603292647496,
            140603292647504,
            140603292647512,
            140603292647520,
            140603292647528,
            140603292647536,
            140603292647544,
            140603292647552,
            140603292647560,
            140603292647568,
            140603292647576,
            140603292647584,
            140603292647592,
            140603292647600,
            140603292647608,
            140603292647616,
            140603292647624,
            140603292647632,
            140603292647640,
            140603292647648,
            140603292647656,
            140603292647664,
            140603292647672
        ]
    },
    {
        "grid_launch_id": 0,
        "cta_id_x": 0,
        "cta_id_y": 0,
        "cta_id_z": 0,
        "warp_id": 2,
        "opcode_id": 0,
        "addrs": [
            140603292647936,
            140603292647944,
            140603292647952,
            140603292647960,
            140603292647968,
            140603292647976,
            140603292647984,
            140603292647992,
            140603292648000,
            140603292648008,
            140603292648016,
            140603292648024,
            140603292648032,
            140603292648040,
            140603292648048,
            140603292648056,
            140603292648064,
            140603292648072,
            140603292648080,
            140603292648088,
            140603292648096,
            140603292648104,
            140603292648112,
            140603292648120,
            140603292648128,
            140603292648136,
            140603292648144,
            140603292648152,
            140603292648160,
            140603292648168,
            140603292648176,
            140603292648184
        ]
    },
    {
        "grid_launch_id": 0,
        "cta_id_x": 0,
        "cta_id_y": 0,
        "cta_id_z": 0,
        "warp_id": 3,
        "opcode_id": 0,
        "addrs": [
            140603292648192,
            140603292648200,
            140603292648208,
            140603292648216,
            0,
            0,
            0,
            0,
            0,
            0,
            0,
            0,
            0,
            0,
            0,
            0,
            0,
            0,
            0,
            0,
            0,
            0,
            0,
            0,
            0,
            0,
            0,
            0,
            0,
            0,
            0,
            0
        ]
    },
    {
        "grid_launch_id": 0,
        "cta_id_x": 0,
        "cta_id_y": 0,
        "cta_id_z": 0,
        "warp_id": 0,
        "opcode_id": 0,
        "addrs": [
            140603292648448,
            140603292648456,
            140603292648464,
            140603292648472,
            140603292648480,
            140603292648488,
            140603292648496,
            140603292648504,
            140603292648512,
            140603292648520,
            140603292648528,
            140603292648536,
            140603292648544,
            140603292648552,
            140603292648560,
            140603292648568,
            140603292648576,
            140603292648584,
            140603292648592,
            140603292648600,
            140603292648608,
            140603292648616,
            140603292648624,
            140603292648632,
            140603292648640,
            140603292648648,
            140603292648656,
            140603292648664,
            140603292648672,
            140603292648680,
            140603292648688,
            140603292648696
        ]
    },
    {
        "grid_launch_id": 0,
        "cta_id_x": 0,
        "cta_id_y": 0,
        "cta_id_z": 0,
        "warp_id": 1,
        "opcode_id": 0,
        "addrs": [
            140603292648704,
            140603292648712,
            140603292648720,
            140603292648728,
            140603292648736,
            140603292648744,
            140603292648752,
            140603292648760,
            140603292648768,
            140603292648776,
            140603292648784,
            140603292648792,
            140603292648800,
            140603292648808,
            140603292648816,
            140603292648824,
            140603292648832,
            140603292648840,
            140603292648848,
            140603292648856,
            140603292648864,
            140603292648872,
            140603292648880,
            140603292648888,
            140603292648896,
            140603292648904,
            140603292648912,
            140603292648920,
            140603292648928,
            140603292648936,
            140603292648944,
            140603292648952
        ]
    },
    {
        "grid_launch_id": 0,
        "cta_id_x": 0,
        "cta_id_y": 0,
        "cta_id_z": 0,
        "warp_id": 3,
        "opcode_id": 0,
        "addrs": [
            140603292649216,
            140603292649224,
            140603292649232,
            140603292649240,
            0,
            0,
            0,
            0,
            0,
            0,
            0,
            0,
            0,
            0,
            0,
            0,
            0,
            0,
            0,
            0,
            0,
            0,
            0,
            0,
            0,
            0,
            0,
            0,
            0,
            0,
            0,
            0
        ]
    },
    {
        "grid_launch_id": 0,
        "cta_id_x": 0,
        "cta_id_y": 0,
        "cta_id_z": 0,
        "warp_id": 2,
        "opcode_id": 0,
        "addrs": [
            140603292648960,
            140603292648968,
            140603292648976,
            140603292648984,
            140603292648992,
            140603292649000,
            140603292649008,
            140603292649016,
            140603292649024,
            140603292649032,
            140603292649040,
            140603292649048,
            140603292649056,
            140603292649064,
            140603292649072,
            140603292649080,
            140603292649088,
            140603292649096,
            140603292649104,
            140603292649112,
            140603292649120,
            140603292649128,
            140603292649136,
            140603292649144,
            140603292649152,
            140603292649160,
            140603292649168,
            140603292649176,
            140603292649184,
            140603292649192,
            140603292649200,
            140603292649208
        ]
    },
    {
        "grid_launch_id": 0,
        "cta_id_x": 0,
        "cta_id_y": 0,
        "cta_id_z": 0,
        "warp_id": 0,
        "opcode_id": 0,
        "addrs": [
            140603292649472,
            140603292649480,
            140603292649488,
            140603292649496,
            140603292649504,
            140603292649512,
            140603292649520,
            140603292649528,
            140603292649536,
            140603292649544,
            140603292649552,
            140603292649560,
            140603292649568,
            140603292649576,
            140603292649584,
            140603292649592,
            140603292649600,
            140603292649608,
            140603292649616,
            140603292649624,
            140603292649632,
            140603292649640,
            140603292649648,
            140603292649656,
            140603292649664,
            140603292649672,
            140603292649680,
            140603292649688,
            140603292649696,
            140603292649704,
            140603292649712,
            140603292649720
        ]
    },
    {
        "grid_launch_id": 0,
        "cta_id_x": 0,
        "cta_id_y": 0,
        "cta_id_z": 0,
        "warp_id": 1,
        "opcode_id": 0,
        "addrs": [
            140603292649728,
            140603292649736,
            140603292649744,
            140603292649752,
            140603292649760,
            140603292649768,
            140603292649776,
            140603292649784,
            140603292649792,
            140603292649800,
            140603292649808,
            140603292649816,
            140603292649824,
            140603292649832,
            140603292649840,
            140603292649848,
            140603292649856,
            140603292649864,
            140603292649872,
            140603292649880,
            140603292649888,
            140603292649896,
            140603292649904,
            140603292649912,
            140603292649920,
            140603292649928,
            140603292649936,
            140603292649944,
            140603292649952,
            140603292649960,
            140603292649968,
            140603292649976
        ]
    },
    {
        "grid_launch_id": 0,
        "cta_id_x": 0,
        "cta_id_y": 0,
        "cta_id_z": 0,
        "warp_id": 3,
        "opcode_id": 0,
        "addrs": [
            140603292650240,
            140603292650248,
            140603292650256,
            140603292650264,
            0,
            0,
            0,
            0,
            0,
            0,
            0,
            0,
            0,
            0,
            0,
            0,
            0,
            0,
            0,
            0,
            0,
            0,
            0,
            0,
            0,
            0,
            0,
            0,
            0,
            0,
            0,
            0
        ]
    },
    {
        "grid_launch_id": 0,
        "cta_id_x": 0,
        "cta_id_y": 0,
        "cta_id_z": 0,
        "warp_id": 2,
        "opcode_id": 0,
        "addrs": [
            140603292649984,
            140603292649992,
            140603292650000,
            140603292650008,
            140603292650016,
            140603292650024,
            140603292650032,
            140603292650040,
            140603292650048,
            140603292650056,
            140603292650064,
            140603292650072,
            140603292650080,
            140603292650088,
            140603292650096,
            140603292650104,
            140603292650112,
            140603292650120,
            140603292650128,
            140603292650136,
            140603292650144,
            140603292650152,
            140603292650160,
            140603292650168,
            140603292650176,
            140603292650184,
            140603292650192,
            140603292650200,
            140603292650208,
            140603292650216,
            140603292650224,
            140603292650232
        ]
    }
]