[
    {
        "cuda_ctx": 94339271205360,
        "grid_launch_id": 0,
        "cta_id_x": 0,
        "cta_id_y": 0,
        "cta_id_z": 0,
        "warp_id": 1,
        "opcode": "LDG.E.64",
        "addrs": [
            139679035818240,
            139679035818248,
            139679035818256,
            139679035818264,
            139679035818272,
            139679035818280,
            139679035818288,
            139679035818296,
            139679035818304,
            139679035818312,
            139679035818320,
            139679035818328,
            139679035818336,
            139679035818344,
            139679035818352,
            139679035818360,
            139679035818368,
            139679035818376,
            139679035818384,
            139679035818392,
            139679035818400,
            139679035818408,
            139679035818416,
            139679035818424,
            139679035818432,
            139679035818440,
            139679035818448,
            139679035818456,
            139679035818464,
            139679035818472,
            139679035818480,
            139679035818488
        ]
    },
    {
        "cuda_ctx": 94339271205360,
        "grid_launch_id": 0,
        "cta_id_x": 0,
        "cta_id_y": 0,
        "cta_id_z": 0,
        "warp_id": 0,
        "opcode": "LDG.E.64",
        "addrs": [
            139679035817984,
            139679035817992,
            139679035818000,
            139679035818008,
            139679035818016,
            139679035818024,
            139679035818032,
            139679035818040,
            139679035818048,
            139679035818056,
            139679035818064,
            139679035818072,
            139679035818080,
            139679035818088,
            139679035818096,
            139679035818104,
            139679035818112,
            139679035818120,
            139679035818128,
            139679035818136,
            139679035818144,
            139679035818152,
            139679035818160,
            139679035818168,
            139679035818176,
            139679035818184,
            139679035818192,
            139679035818200,
            139679035818208,
            139679035818216,
            139679035818224,
            139679035818232
        ]
    },
    {
        "cuda_ctx": 94339271205360,
        "grid_launch_id": 0,
        "cta_id_x": 0,
        "cta_id_y": 0,
        "cta_id_z": 0,
        "warp_id": 2,
        "opcode": "LDG.E.64",
        "addrs": [
            139679035818496,
            139679035818504,
            139679035818512,
            139679035818520,
            139679035818528,
            139679035818536,
            139679035818544,
            139679035818552,
            139679035818560,
            139679035818568,
            139679035818576,
            139679035818584,
            139679035818592,
            139679035818600,
            139679035818608,
            139679035818616,
            139679035818624,
            139679035818632,
            139679035818640,
            139679035818648,
            139679035818656,
            139679035818664,
            139679035818672,
            139679035818680,
            139679035818688,
            139679035818696,
            139679035818704,
            139679035818712,
            139679035818720,
            139679035818728,
            139679035818736,
            139679035818744
        ]
    },
    {
        "cuda_ctx": 94339271205360,
        "grid_launch_id": 0,
        "cta_id_x": 0,
        "cta_id_y": 0,
        "cta_id_z": 0,
        "warp_id": 3,
        "opcode": "LDG.E.64",
        "addrs": [
            139679035818752,
            139679035818760,
            139679035818768,
            139679035818776,
            0,
            0,
            0,
            0,
            0,
            0,
            0,
            0,
            0,
            0,
            0,
            0,
            0,
            0,
            0,
            0,
            0,
            0,
            0,
            0,
            0,
            0,
            0,
            0,
            0,
            0,
            0,
            0
        ]
    },
    {
        "cuda_ctx": 94339271205360,
        "grid_launch_id": 0,
        "cta_id_x": 0,
        "cta_id_y": 0,
        "cta_id_z": 0,
        "warp_id": 0,
        "opcode": "LDG.E.64",
        "addrs": [
            139679035819008,
            139679035819016,
            139679035819024,
            139679035819032,
            139679035819040,
            139679035819048,
            139679035819056,
            139679035819064,
            139679035819072,
            139679035819080,
            139679035819088,
            139679035819096,
            139679035819104,
            139679035819112,
            139679035819120,
            139679035819128,
            139679035819136,
            139679035819144,
            139679035819152,
            139679035819160,
            139679035819168,
            139679035819176,
            139679035819184,
            139679035819192,
            139679035819200,
            139679035819208,
            139679035819216,
            139679035819224,
            139679035819232,
            139679035819240,
            139679035819248,
            139679035819256
        ]
    },
    {
        "cuda_ctx": 94339271205360,
        "grid_launch_id": 0,
        "cta_id_x": 0,
        "cta_id_y": 0,
        "cta_id_z": 0,
        "warp_id": 1,
        "opcode": "LDG.E.64",
        "addrs": [
            139679035819264,
            139679035819272,
            139679035819280,
            139679035819288,
            139679035819296,
            139679035819304,
            139679035819312,
            139679035819320,
            139679035819328,
            139679035819336,
            139679035819344,
            139679035819352,
            139679035819360,
            139679035819368,
            139679035819376,
            139679035819384,
            139679035819392,
            139679035819400,
            139679035819408,
            139679035819416,
            139679035819424,
            139679035819432,
            139679035819440,
            139679035819448,
            139679035819456,
            139679035819464,
            139679035819472,
            139679035819480,
            139679035819488,
            139679035819496,
            139679035819504,
            139679035819512
        ]
    },
    {
        "cuda_ctx": 94339271205360,
        "grid_launch_id": 0,
        "cta_id_x": 0,
        "cta_id_y": 0,
        "cta_id_z": 0,
        "warp_id": 3,
        "opcode": "LDG.E.64",
        "addrs": [
            139679035819776,
            139679035819784,
            139679035819792,
            139679035819800,
            0,
            0,
            0,
            0,
            0,
            0,
            0,
            0,
            0,
            0,
            0,
            0,
            0,
            0,
            0,
            0,
            0,
            0,
            0,
            0,
            0,
            0,
            0,
            0,
            0,
            0,
            0,
            0
        ]
    },
    {
        "cuda_ctx": 94339271205360,
        "grid_launch_id": 0,
        "cta_id_x": 0,
        "cta_id_y": 0,
        "cta_id_z": 0,
        "warp_id": 2,
        "opcode": "LDG.E.64",
        "addrs": [
            139679035819520,
            139679035819528,
            139679035819536,
            139679035819544,
            139679035819552,
            139679035819560,
            139679035819568,
            139679035819576,
            139679035819584,
            139679035819592,
            139679035819600,
            139679035819608,
            139679035819616,
            139679035819624,
            139679035819632,
            139679035819640,
            139679035819648,
            139679035819656,
            139679035819664,
            139679035819672,
            139679035819680,
            139679035819688,
            139679035819696,
            139679035819704,
            139679035819712,
            139679035819720,
            139679035819728,
            139679035819736,
            139679035819744,
            139679035819752,
            139679035819760,
            139679035819768
        ]
    },
    {
        "cuda_ctx": 94339271205360,
        "grid_launch_id": 0,
        "cta_id_x": 0,
        "cta_id_y": 0,
        "cta_id_z": 0,
        "warp_id": 0,
        "opcode": "STG.E.64",
        "addrs": [
            139679035820032,
            139679035820040,
            139679035820048,
            139679035820056,
            139679035820064,
            139679035820072,
            139679035820080,
            139679035820088,
            139679035820096,
            139679035820104,
            139679035820112,
            139679035820120,
            139679035820128,
            139679035820136,
            139679035820144,
            139679035820152,
            139679035820160,
            139679035820168,
            139679035820176,
            139679035820184,
            139679035820192,
            139679035820200,
            139679035820208,
            139679035820216,
            139679035820224,
            139679035820232,
            139679035820240,
            139679035820248,
            139679035820256,
            139679035820264,
            139679035820272,
            139679035820280
        ]
    },
    {
        "cuda_ctx": 94339271205360,
        "grid_launch_id": 0,
        "cta_id_x": 0,
        "cta_id_y": 0,
        "cta_id_z": 0,
        "warp_id": 1,
        "opcode": "STG.E.64",
        "addrs": [
            139679035820288,
            139679035820296,
            139679035820304,
            139679035820312,
            139679035820320,
            139679035820328,
            139679035820336,
            139679035820344,
            139679035820352,
            139679035820360,
            139679035820368,
            139679035820376,
            139679035820384,
            139679035820392,
            139679035820400,
            139679035820408,
            139679035820416,
            139679035820424,
            139679035820432,
            139679035820440,
            139679035820448,
            139679035820456,
            139679035820464,
            139679035820472,
            139679035820480,
            139679035820488,
            139679035820496,
            139679035820504,
            139679035820512,
            139679035820520,
            139679035820528,
            139679035820536
        ]
    },
    {
        "cuda_ctx": 94339271205360,
        "grid_launch_id": 0,
        "cta_id_x": 0,
        "cta_id_y": 0,
        "cta_id_z": 0,
        "warp_id": 3,
        "opcode": "STG.E.64",
        "addrs": [
            139679035820800,
            139679035820808,
            139679035820816,
            139679035820824,
            0,
            0,
            0,
            0,
            0,
            0,
            0,
            0,
            0,
            0,
            0,
            0,
            0,
            0,
            0,
            0,
            0,
            0,
            0,
            0,
            0,
            0,
            0,
            0,
            0,
            0,
            0,
            0
        ]
    },
    {
        "cuda_ctx": 94339271205360,
        "grid_launch_id": 0,
        "cta_id_x": 0,
        "cta_id_y": 0,
        "cta_id_z": 0,
        "warp_id": 2,
        "opcode": "STG.E.64",
        "addrs": [
            139679035820544,
            139679035820552,
            139679035820560,
            139679035820568,
            139679035820576,
            139679035820584,
            139679035820592,
            139679035820600,
            139679035820608,
            139679035820616,
            139679035820624,
            139679035820632,
            139679035820640,
            139679035820648,
            139679035820656,
            139679035820664,
            139679035820672,
            139679035820680,
            139679035820688,
            139679035820696,
            139679035820704,
            139679035820712,
            139679035820720,
            139679035820728,
            139679035820736,
            139679035820744,
            139679035820752,
            139679035820760,
            139679035820768,
            139679035820776,
            139679035820784,
            139679035820792
        ]
    }
]